(0, 184) (44, 196) 45
(2, 150) (20, 150) 18
(157, 77) (213, 123) 72
(185, 68) (194, 82) 16
(102, 12) (107, 46) 34
(44, 102) (44, 223) 121
(213, 123) (215, 154) 31
(202, 181) (209, 222) 41
(162, 209) (168, 219) 11
(0, 103) (21, 102) 21
(21, 102) (44, 102) 23
(4, 32) (21, 102) 72
(44, 223) (95, 216) 51
(95, 216) (162, 209) 67
(42, 171) (86, 166) 44
(86, 166) (215, 154) 129
(73, 83) (86, 166) 84
(86, 166) (95, 216) 50
(96, 46) (107, 46) 11
(81, 0) (96, 46) 48
(160, 125) (213, 123) 53
(157, 77) (160, 125) 48
(170, 53) (185, 68) 21
(185, 68) (222, 106) 53
(142, 2) (185, 68) 78
(185, 68) (194, 82) 16
(11, 0) (38, 85) 89
(38, 85) (44, 102) 18
(42, 0) (53, 50) 51
(110, 1) (127, 29) 32
(127, 29) (157, 77) 56
(133, 78) (157, 77) 24
(113, 79) (112, 128) 49
(73, 83) (113, 79) 40
(113, 79) (133, 78) 20
(59, 0) (67, 48) 48
(67, 48) (73, 83) 35
(53, 50) (67, 48) 14
(67, 48) (96, 46) 29
(112, 128) (135, 126) 23
(135, 126) (160, 125) 25
(133, 78) (135, 126) 48
(38, 85) (60, 83) 22
(60, 83) (73, 83) 13
(53, 50) (60, 83) 33
